0.204073
0.239956
0.261014
0.30604
0.356747
0.444306
0.446661
0.41729
0.4734
0.569687
0.619562
0.623026
0.632724
0.663619
0.6977
0.70435
0.708922
0.728318
0.752563
0.760044
0.769188
0.780133
0.793987
0.804655
0.814907
0.821419
0.828761
0.834442
0.843031
0.850928
0.857994
0.862289
0.867276
0.874203
0.879884
0.885564
0.890552
0.894292
0.898448
0.903297
0.908285
0.911471
0.914935
0.918121
0.921724
0.924356
0.928374
0.929066
0.93156
0.935162
0.937795
0.940704
0.943752
0.946523
0.949709
0.951372
0.95248
0.954558
0.957191
0.958714
0.960377
0.96204
0.961901
0.963841
0.966611
0.967858
0.968967
0.969244
0.970075
0.971738
0.973123
0.974093
0.975062
0.975894
0.976725
0.977695
0.978665
0.978942
0.979773
0.981574
0.982405
0.982821
0.982959
0.983929
0.984899
0.985038
0.985315
0.985592
0.986562
0.986839
0.987254
0.987531
0.988224
0.988917
0.989194
0.989471
0.989748
0.990025
0.990441
0.991272
0.990995
0.991272
0.991688
0.991826
0.991965
0.992796
0.992796
0.993073
0.993073
0.993073
0.993489
0.993489
0.993489
0.99432
0.994736
0.995013
0.994735
0.994458
0.995151
0.99529
0.995428
0.995705
0.995982
0.996121
0.996537
0.996675
0.996537
0.996952
0.997229
0.997091
0.997229
0.997368
0.997368
0.997506
0.997506
0.997368
0.997506
0.997645
0.997783
0.997922
0.997922
0.997922
0.997783
0.997922
0.998061
0.998061
0.998199
0.998199
0.998338
0.998338
0.998476
0.998476
0.998753
0.998753
0.998753
0.998892
0.998892
0.998892
0.998892
0.998892
0.998892
0.998892
0.998892
0.998892
0.998892
0.998892
0.999169
0.999169
0.99903
0.99903
0.99903
0.99903
0.999169
0.999169
0.999169
0.99903
0.999308
0.999308
0.999308
0.999307
0.999308
0.999446
0.999446
0.999446
0.999446
0.999585
0.999585
0.999585
0.999585
0.999585
0.999585
0.999585
0.999585
0.999585
0.999862
0.999862
0.999862
0.999723
0.999723
0.999723
0.999723
0.999862
0.999862
0.999862
0.999862
0.999862
0.999862
0.999862
0.999862
0.999862
0.999862
1
1
1
1
1
1
1
1
1
1
1
1
1
0.999862
1
1
1
1
1
1
1
1
1
0.999862
0.999862
0.999862
1
1
1
1
1
1
1
1
1
1
